id
23583774
24503080
23850451
24475319
23563142
24619421
NULL
24093474
24648455
24469789
24027306
24119402
24421336
24912953
25908846
24029017
24887432
24626930
24373746
25034253
24499919
24569482
24407213
24336220
24953649
24469021
24662372
24413562
24867324
24449904
24407482
25284369
24613486
24530301
25220471
24572368
24729617
24843029
24443566
24675956
24670658
24512117
24973710
24743229
24873828
24699643
24598262
24706844
25001285
24792965
24763583
24844575
24672036
24949858
24759615
24995983
24767986
25897633
25156426
25288750
24942373
24953776
24882805
25426803
25092033
24843179
24809274
24930395
24920796
24872584
24449920
25043029
24884925
24913268
25002321
25171412
25186731
25059720
25209663
25043039
25097238
25119039
25064512
25253350
25441028
22851320
25030911
25088425
25132172
25012291
25363765
25242331
25450810
25046383
25125509
25219853
25470059
25065852
25310236
25231997
25278503
25417110
25209998
25117490
25310980
25306923
doi:10.1038/nsmb.2899
25267559
25271403
25504723
25348395
25376914
25278130
25349383
25353930
25447518
25490152
25501631
25486611
25528571
n/a
24821769
24965652
24965656
23926357
24503083
24074955
22472420
24036281
24727830
24550513
24662426
24631461
24389465
24335279
24746697
23552895
24361271
24630722
24333094
24503852
24299977
24567401
24590175
24590074
25319829
24505130
24516165
24561719
24501405
24569476
24457027
24855948
24671761
24657092
24697492
24747401
25024436
24768348
25018021
24711419
24690366
24623425
24748111
25583999
25096873
24711391
24737326
24799711
24927574
24882745
25043589
25378500
25473808
24497830
25136116
24985522
24889614
25043550
24949977
24965454
25392224
25071206
25185801
25355879
25008940
25380312
25313071
25142590
25100842
25422471
25417161
25306253
25210195
25363761
25362487
25362488
25470061
25395538
25457165
25470062
25313868
25355881
25389271
25404321
25411337
25482566
25520501
25543255
25482543
25415053
25428877
25510494
