id
18042701
18216088
19255439
18657283
18687924
20844746
19020518
19013468
19004948
22761792
20064379
19362537
19627990
20463071
19450532
20160083
20231485
20702621
20404203
19965468
19081055
20100494
23541894
19933108
20075914
19933110
20361979
19889775
20133572
20139981
20159470
20462489
20946985
20223218
20164227
20554778
20453857
20541505
20351260
20399188
20818331
20219926
20543830
21072061
20228062
20541504
20558300
20631709
20676100
18471981
19208805
20375175
20733057
20599509
20887893
21281647
20974911
20852644
20932481
21037563
19651604
20696766
20843802
20974910
20828620
20974813
20937834
21124459
20956336
20967027
21073882
20962334
21107322
18940606
21326901
19264960
19956725
20033059
20181687
19965869
21203997
19914170
20090755
20353825
20194787
20332209
20223221
19503077
20080547
20947016
20308582
20398923
20643089
20160108
20844487
20856905
20383143
20599510
20798312
20720013
20541509
20559389
20881044
20462491
20953161
20956322
20696402
20542007
21157433
20709083
20696391
20691902
20631130
20660775
20709082
21070950
20944740
20797628
20934430
20940705
21038867
