id
17207812
17679098
17851530
17936782
19197238
19402748
19424153
19494830
19591844
20228803
19933108
20036256
20133743
20445226
20219473
20427067
20356839
18164030
21147776
20631791
20947019
21149969
21094651
21756874
21151118
21750663
21303937
21134383
20933521
21336276
21623367
21315080
21220301
21267063
21224846
21378962
21463638
21187417
21307936
21378755
21245168
21368145
21499241
21376055
19194444
21562120
21385715
21378753
14673116
21909073
21525927
20684044
21504834
21788480
21325274
17015643
20080582
18353362
22143763
21960487
21764777
21481774
21622577
21669201
11713191
21788512
21954175
21892140
21835981
22048315
22056769
22065640
21962517
21959262
22000855
22098732
21998254
22025713
22135459
22153499
22245966
22110401
18722382
21239031
21586634
NULL
21071053
20972447
21439834
21220303
21220123
21129380
21029740
21241893
22001018
21169562
21106752
21565700
22079364
21565698
21383139
21435344
21552542
21820315
21203482
21829169
21827954
22173220
21893291
21673657
15458628
21690369
21938068
21746914
21876144
22017870
22153511
21908607
22178924
21933715
21468301
20725044
22158895
16920821
