id
doi:10.1128/JVI.01040-14
NULL
25955969
26776517
27617931
26200339
26822933
26279189
27016144
26940118
27112599
26682982
27279624
26724993
27185936
26841837
27435188
doi:10.1073/pnas.1518952113
27080013
26789250
26724865
26715760
26863983
26804377
26817416
26841934
27043298
doi:10.1371/journal.pone.0146457
26711430
26721998
26965631
27518410
27632940
26841432
26841701
26850260
26699644
26909579
26996963
26984725
26849049
26822609
27530427
27704041
27007846
26941313
doi:10.1126/science.aad2450
26917592
27029275
26888060
doi:10.1038/NCOMMS11016
26777412
27136327
27339980
26883891
26949259
27616740
27135925
27345930
27035968
27117403
27174052
doi:10.1038/nature17971
27193681
doi:10.1038/NATURE17990
27249343
27120157
27347431
doi:10.1073/pnas.1604693113
doi:10.7554/eLife.13941
27223329
27031283
27561669
26988127
27229143
27238969
27235783
27190212
27144666
27259151
27402735
27418309
27422657
27402755
doi:10.1038/nsmb.3272
27418187
27834216
27867008
27821763
28109158
doi:10.1101/085530
28009280
27980210
27986592
doi:10.1101/087841
27934701
27924919
27906161
27986857
22357279
27226493
27342858
27469164
27399201
27417497
27522463
27549742
27509854
22685072
27501535
27478930
27509861
27644322
27485862
27610568
27374320
27601667
27554013
27906650
27459055
27686148
27821762
27571177
27681621
27662086
27595392
27129217
27249641
27775710
27591890
27562955
27791192
27563064
27830641
doi:10.7554/eLife.21290
27693469
27681122
27824037
27928006
27845625
27842381
27839949
27863242
27842382
28196397
27974378
27974208
24218553
25728767
25761671
26853941
27041593
26882199
26395823
26938634
27067056
26275511
doi:10.1038/nsmb.3212
27229179
27583302
27114531
26463591
26485028
26764003
27265851
26887496
26779611
26686638
26442593
26432831
26744777
26670735
26996960
26687358
27097373
26933181
26864626
26855426
26806128
26789246
26854665
26871634
26777413
27309813
26904950
26743623
26929360
27021073
26912367
27373148
27137929
26912366
27349805
26941333
27006464
27251291
doi:10.1038/nature18020
27535057
27036132
27574701
27320388
doi:10.1016/j.cell.2016.05.022
27159452
27280440
28067918
26804923
26743049
26829225
27048994
26951669
27538822
26917770
27452403
27462451
26929357
26935699
27016284
27458710
27573175
27214134
27275145
26949186
27081072
27572837
26966189
27018802
27046833
27686865
27062927
27440903
27279228
27033547
27281200
27159451
27174988
27016283
27654913
27193682
27093288
27563056
27405460
27419870
27185929
27342279
27276427
27819266
27129203
27373333
doi:10.1073/pnas.1524412113
27605704
27181584
27601635
27324845
27266708
27345369
27238017
27225525
27380950
27697150
27811912
27391173
27438765
27596592
27511920
27405240
27373335
27238019
27647903
27991905
27516594
doi:10.1038/ncomms12090
27226590
27279622
27365450
27322097
27630019
27330110
27872205
27562261
27580874
27462807
27806259
27671640
27368053
27334588
27493215
27478928
27487086
27484475
27852863
27919066
27434674
27698424
27580033
27519411
27588603
27705815
27578865
27841852
27746017
doi:10.1016/j.cell.2016.08.050
27698405
27545891
27717063
27563101
28104363
27617430
27791164
27791120
26941001
27662087
27752045
27768895
28001127
27709908
27791004
27776355
27758001
27807242
27992877
27974800
doi:10.1038/NCOMMS13689
27922015
27799557
27818103
27974801
27851956
27912064
27849173
doi:10.1016/j.cell.2016.11.014
27852845
27980088
27912062
27428775
27580036
27595320
27468892
27445306
27445308
27708056
27585537
27594449
27811944
27690357
doi:10.1038/nsmb.3309
27974667
27621318
27941862
27905396
27882950
