id
25723169
25517095
doi:10.1126/science.1259724
25578875
25707802
25814576
25957688
25838379
25837512
26083744
25901680
24252878
16319884
26133119
25953817
26352473
26657148
26155016
26158507
26245381
26212456
26280335
26384426
26389739
26479198
26709046
26605533
26604301
26673077
24562077
25620001
25778700
26641711
23968652
25723168
25855297
25822993
26023829
25760083
25903689
25999507
25870267
25086503
25303172
26229983
26144253
26144317
26222030
26344198
26234155
26240998
26446437
26503045
26292707
26391007
26470814
26543158
26548953
26809121
