id
26066397
25893916
26051127
NULL
25609009
25583506
27320387
25723169
25497729
26249353
25697363
25259921
26157123
26283379
25661654
26374901
25652824
25654333
25599398
25744691
25517095
25601755
doi:10.1126/science.1259724
25998682
25794153
doi:10.1038/NCOMMS7019
26258880
25613890
25578875
26344568
25664723
25490155
25707802
25915019
25707805
25807248
25814576
25802296
25772360
25883315
25644603
25648893
25906996
25957688
25838379
25898165
25837515
26585513
doi:10.1016/j.cell.2015.03.052
25837512
25775537
25959396
26083744
26200339
25825779
26004069
25921531
25901680
26350616
25903135
doi:10.1074/jbc.M115.653485
24252878
21300906
25995452
26275088
26106855
26138979
26464513
16319884
25918421
26416888
26004440
25457051
26133119
25815585
25953817
26160949
26028537
26100538
26061770
25991862
26301997
26352473
26178997
26112706
26657148
26256537
26100869
26155016
26167882
25997099
26082135
26276634
26280334
26130806
26256535
26311868
26158507
26245381
26212456
26237510
26344199
26372963
26280335
26436452
26130714
26404402
26411746
26278173
26321634
26359989
26240379
doi:10.1016/j.molcel.2015.07.012
26278176
26384426
26311849
26223638
26416747
26320579
26456113
26483468
26637786
26438827
26388028
26323037
26389739
26351699
26458047
26451487
26449475
26553503
26479198
26504196
26709046
26472926
26439008
26605533
26534841
26487375
doi:10.1016/j.cell.2015.11.029
26499492
26619264
26678875
26908838
26656452
26604301
26583751
26673077
26623517
24562077
25777528
25698059
25288750
25514469
doi:10.1038/nsmb.2953
25996608
25661651
25352602
22291925
25940394
25979418
25684576
25620001
25631086
25554787
26299947
25533486
25569572
25620561
25581794
25646489
25636407
25675521
25778700
25486595
25723164
26641711
23968652
25659908
25589637
25809480
25728767
25723168
25855297
25822993
26023829
25971514
25760083
25751425
25892233
25713136
25903689
25959773
25914057
25999507
25870267
26211611
25086503
25303172
26229983
26013259
26383954
26144253
24657230
25861818
26301691
26039988
26144317
26222030
26503230
26390154
26344198
26234155
26537684
26227798
26170309
26179326
26458101
26443857
26240998
26494761
26208336
26446437
26283392
26503045
26724995
26292707
26401038
26314863
26301600
26514405
26472759
26493222
26432834
26449474
26634441
26455586
26524492
26391007
doi:10.1073/pnas.1518628112
26680202
26567524
26470814
26543158
26644467
26548953
26627236
26592473
26809121
