id
26789250
26724865
26715760
26863983
26721998
NULL
26822609
27136327
27339980
26949259
27193681
doi:10.1038/NATURE17990
27120157
doi:10.1038/nature17971
26988127
27867008
28109158
doi:10.1101/085530
doi:10.1101/087841
27934701
27906161
27986857
27226493
27342858
27417497
27644322
27610568
27906650
27459055
27821762
27571177
27662086
27595392
27928006
27845625
27842381
27839949
27863242
27842382
26275511
26764003
26779611
26744777
26670735
26854665
26871634
26777413
26743623
27373148
27137929
27251291
doi:10.1038/nature18020
27036132
27574701
27159452
28067918
26804923
26829225
27048994
26929357
27458710
27275145
27046833
27440903
27279228
27033547
27281200
27159451
27193682
27093288
27563056
27324845
27380950
27811912
27511920
27405240
27238019
27516594
27330110
27806259
27671640
27493215
27434674
27580033
27563101
28104363
27617430
27791164
27662087
27752045
27768895
27791004
27992877
27974800
27922015
27776355
27974801
27912064
doi:10.1016/j.cell.2016.11.014
27912062
27428775
27580036
27595320
27468892
27445306
27445308
27905396
