id
21709254
23288423
23028319
23643948
23221567
23483797
23333303
24277846
23277578
23637416
22896620
23623729
23222135
23202586
23549915
22954660
23766293
23252471
23292512
23511972
23283946
23643951
23291528
23395961
23426631
23376736
23394943
23319619
23377541
23427024
24039702
23733949
22308417
24136164
23332750
23346347
23530263
23637405
23515159
23446344
23474713
23612307
24075871
23562643
23513222
23746846
23572213
23932403
23708606
23580641
23678183
23769668
23698314
22896624
23831224
23589842
23696739
23708605
23632014
23746808
23804759
23700385
23891288
23810697
24043785
23748380
15054095
23677789
23812713
23877429
23898184
23754381
23850455
24034245
23810698
23776214
24072820
23776210
23901101
24120860
23710728
23365424
23802570
24316400
24130488
24119403
23857636
24200810
23926354
24068931
24062940
24022506
24006185
24086111
24055317
24315095
24185006
21030658
24027307
24186064
24210759
24137536
24317488
24154805
24155405
24184468
24362565
24336220
24286829
24284544
23025236
22398295
23540697
23709365
23341770
22632834
22593166
23342004
22850672
23757493
23246781
22951835
23555253
23562398
23293003
23365426
23262493
23262488
23434847
23533651
23853712
23306440
23620768
23616213
23267106
23637404
23403578
23274136
23850451
23434508
23580619
23577234
19590014
23719463
23520050
23541894
23569243
23563140
23636399
23644457
23804638
23611982
23624860
23595989
23583547
doi:10.1038/NMETH.2472
23658524
23851460
24034246
23940315
23612981
23700310
19752025
23592445
23827137
23706745
23770819
24277851
23796516
23946455
23740974
23840063
23893133
23596305
24036405
23460696
24373766
23884409
24153188
23908767
23966856
24240239
23824824
24257617
23859837
24207124
22386055
23516364
24027321
24119404
23921384
24218626
24107993
24021812
24192038
24288331
24347545
24270642
24109217
24324168
24305161
24305160
24179160
24335589
24256734
24324137
24335085
23552895
