id
21464301
21149969
21969536
21030658
20937834
21191026
21186364
21172658
21867222
21456578
22306464
22123866
21821042
21752915
22215814
21632758
20109467
21411517
doi:10.1002/crat.201300116
21705660
21781955
23762236
22388519
20223218
22167472
21827945
22491457
21865392
23175654
22361030
22194682
22045336
21931164
22114561
21454662
22158901
23112295
22179700
22817895
22832194
22237024
22847414
22246767
22445172
22500803
22464326
22358840
22306461
22232657
22308031
20484046
22291925
22405010
22514349
22586102
22676060
22307589
22483107
22270372
22245547
22371572
22308040
22367545
23079477
22500737
22522823
22514336
22314234
22421382
22916297
21068243
22509017
22593169
22787233
22547812
22514279
22841691
22238236
22593166
23135273
22628556
22722831
22753497
22592267
22798403
22857951
22819217
23089332
22657942
22927413
23028322
22748764
22945936
23135714
22745169
22982990
22878502
23051622
22885327
22863569
23027905
22355139
22973030
22864911
23002137
22927375
23142985
22959436
21573056
23022605
23027944
23178680
23128244
23007861
23180776
23180774
23169645
23217681
23091039
23217682
23213201
23078409
23110252
23251030
21245343
22157822
21444771
22723463
21775460
23772035
22483106
23602814
22384065
21709254
22733763
22522257
22343046
22344176
22388746
22171264
22019738
22467828
22307055
22278249
22285189
22492979
21873222
22405012
22405008
22622583
22593163
22556268
22508104
22579255
22543240
22743104
22727812
22864288
22753779
15341726
22659006
22682774
20660783
22778422
22727814
22654060
22997337
23090998
22891295
22891297
23341604
23055933
22807678
22973031
23142977
23178122
23022349
23085714
23019612
23091035
23241927
23035111
23166728
23142978
22927821
24630999
23499021
